4294967278,372
4294967278,264
4294967279,257
4294967279,256
4294967278,356
4294967278,278
4294967278,257
4294967279,566
4294967278,371
4294967279,551
4294967279,317
4294967278,390
4294967278,349
4294967278,174
4294967279,251
4294967279,314
4294967279,246
4294967279,260
4294967279,546
4294967278,348
4294967294,1422
4294967279,315
4294967294,920
4294967279,565
4294967278,389
4294967278,247
229,7
4294967279,234
4294967279,174
4294967279,244
4294967278,243
4294967278,238
229,6
229,5
229,4
229,3
229,2
229,1
4294967278,342
4294967294,1421
226,6
226,5
226,4
4294967278,197
226,3
226,2
226,1
4294967279,194
4294967278,191
4294967279,191
4294967279,189
4294967278,188
4294967278,187
4294967278,343
4294967279,184
4294967279,183
4294967294,919
4294967278,363
4294967279,535
4294967279,534
4294967278,341
223,7
4294967279,170
223,6
223,5
223,4
223,3
223,2
223,1
4294967279,343
4294967278,305
4294967279,297
4294967294,390
4294967279,342
4294967294,485
220,5
220,4
220,3
220,2
220,1
4294967279,521
219,5
219,4
219,3
219,2
219,1
4294967294,412
4294967279,282
217,4
217,3
217,2
217,1
4294967278,358
216,6
4294967279,10
4294967294,484
216,5
216,4
216,3
216,2
216,1
4294967278,279
4294967279,281
215,5
215,4
215,3
215,2
215,1
4294967278,353
214,5
214,4
214,3
214,2
214,1
4294967279,341
4294967279,0
213,5
213,4
213,3
213,2
213,1
4294967278,235
4294967279,232
4294967278,229
4294967294,17
4294967294,99
4294967294,76
211,4
211,3
211,2
211,1
4294967294,468
0,7
4294967294,903
4294967294,1
4294967294,904
4294967294,186
4294967279,563
4294967294,0
4294967278,319
4294967279,312
4294967278,318
4294967279,541
4294967294,477
4294967278,231
4294967278,345
4294967278,0
4294967294,46
4294967294,424
4294967294,41
4294967294,2
4294967294,42
4294967294,107
4294967294,91
4294967294,90
4294967294,87
4294967294,86
4294967294,85
4294967294,84
4294967294,419
4294967294,950
4294967294,949
4294967294,29
4294967294,921
4294967294,28
4294967294,27
4294967294,26
4294967294,53
4294967294,52
4294967294,45
4294967294,44
4294967294,43
4294967294,417
4294967294,51
4294967294,25
4294967294,96
4294967294,94
4294967294,9
4294967294,8
4294967294,6
4294967294,22
4294967294,93
4294967294,95
4294967294,81
4294967294,970
4294967294,82
4294967294,68
4294967294,11
4294967294,92
4294967294,88
4294967278,132
4294967278,131
4294967278,130
4294967278,129
4294967278,128
4294967278,127
4294967278,126
4294967278,125
4294967278,124
4294967278,123
4294967278,122
4294967278,121
4294967278,120
4294967278,119
4294967278,118
4294967278,117
4294967278,116
4294967278,115
4294967278,114
4294967278,113
4294967278,112
4294967278,111
4294967278,110
4294967278,109
4294967278,108
4294967278,107
4294967278,106
4294967278,105
4294967278,104
4294967278,103
4294967278,102
4294967278,101
4294967278,100
4294967278,99
4294967278,98
4294967278,97
4294967278,96
4294967278,95
4294967278,94
4294967278,93
4294967278,92
4294967278,91
4294967278,90
4294967278,89
4294967278,86
4294967278,83
4294967278,82
4294967278,79
4294967278,77
4294967278,76
4294967278,75
4294967278,74
4294967278,73
4294967278,68
4294967278,66
4294967278,65
4294967278,64
4294967278,63
4294967278,61
4294967278,60
4294967278,59
4294967278,58
4294967278,54
4294967278,52
4294967278,51
4294967278,50
4294967278,49
4294967278,48
4294967278,47
4294967278,44
4294967278,42
4294967278,41
4294967278,40
4294967278,39
4294967278,38
4294967279,22
4294967279,20
4294967279,17
4294967279,12
4294967279,11
4294967279,9
4294967279,8
4294967279,7
4294967279,6
4294967279,5
4294967278,87
4294967278,85
4294967278,84
210,7
4294967278,72
4294967278,81
4294967278,80
4294967278,78
210,6
210,5
210,4
210,3
210,2
210,1
4294967278,71
4294967278,62
4294967294,465
4294967294,405
4294967278,70
4294967278,69
4294967278,67
4294967278,387
4294967279,173
4294967279,172
4294967278,57
4294967278,56
4294967279,168
4294967278,55
4294967279,166
4294967278,53
4294967279,163
207,6
207,5
207,4
4294967279,161
207,3
207,2
207,1
4294967278,46
4294967278,45
4294967278,43
4294967279,340
4294967278,148
4294967279,147
4294967278,147
4294967294,1420
4294967278,146
4294967279,33
4294967278,293
4294967279,28
4294967279,30
4294967279,29
204,7
4294967294,918
4294967278,134
204,6
204,5
204,4
204,3
204,2
204,1
4294967278,286
4294967279,278
4294967279,15
4294967278,271
4294967279,13
4294967278,282
4294967278,263
4294967279,4
4294967279,550
201,5
201,4
201,3
201,2
201,1
4294967279,248
4294967294,1417
200,5
200,4
200,3
200,2
200,1
4294967278,237
198,4
198,3
198,2
198,1
4294967278,222
197,6
4294967279,219
4294967278,217
197,5
197,4
197,3
197,2
197,1
4294967279,323
196,5
196,4
196,3
196,2
196,1
4294967279,321
4294967279,200
195,5
195,4
195,3
195,2
195,1
4294967278,344
4294967278,192
194,5
194,4
194,3
194,2
194,1
4294967279,320
4294967294,386
4294967294,189
4294967294,111
4294967294,410
4294967294,466
4294967294,899
192,4
192,3
192,2
192,1
4294967278,362
4294967278,307
4294967278,360
4294967278,340
4294967279,533
4294967279,532
4294967278,306
4294967278,359
4294967279,165
4294967279,556
4294967278,386
4294967278,328
4294967278,290
4294967278,327
4294967279,555
4294967279,290
4294967279,287
4294967279,286
4294967279,269
4294967278,163
4294967279,162
4294967278,303
4294967279,295
4294967279,160
191,7
4294967279,293
4294967279,155
4294967278,155
4294967279,154
4294967279,529
4294967278,154
4294967278,149
191,6
191,5
191,4
191,2
191,1
4294967279,149
4294967278,403
4294967279,146
4294967279,145
4294967278,144
4294967278,143
4294967279,141
4294967278,139
4294967279,140
4294967278,140
4294967279,139
4294967279,136
4294967278,288
4294967279,283
4294967278,287
4294967278,273
188,6
188,5
188,4
188,3
188,2
188,1
4294967294,5
4294967278,266
4294967279,280
4294967294,1423
4294967278,350
185,7
4294967294,961
4294967294,909
4294967279,239
185,6
185,5
185,4
185,3
185,2
185,1
4294967294,398
4294967294,455
4294967294,463
4294967294,108
4294967278,402
4294967279,230
4294967278,227
4294967279,221
4294967278,220
4294967278,401
182,5
182,4
4294967278,204
182,3
182,2
182,1
4294967278,200
4294967279,198
4294967279,197
181,5
181,4
181,2
181,1
4294967279,188
179,4
179,3
179,2
179,1
0,5
4294967278,185
4294967279,303
178,6
178,5
178,4
178,3
178,2
178,1
177,5
177,4
177,3
177,2
177,1
4294967279,557
4294967294,973
4294967279,575
176,5
176,4
176,3
176,2
176,1
4294967279,294
4294967278,301
4294967279,292
4294967278,299
4294967278,298
175,5
175,4
175,3
175,2
175,1
4294967279,528
173,4
173,3
173,2
173,1
4294967294,403
4294967294,168
4294967294,411
4294967294,416
4294967294,119
4294967294,400
4294967294,401
4294967279,279
4294967278,280
4294967278,357
4294967278,259
4294967279,558
4294967279,32
4294967279,31
4294967279,27
4294967279,26
4294967279,25
4294967279,24
4294967279,23
4294967279,553
4294967279,273
4294967279,573
172,7
4294967279,339
172,6
172,5
172,4
